-3.14
-3.106932878
-3.094144582
-3.073224306
-3.059829473
-3.050131797
-3.036664247
-3.022835969
-3.020600557
-3.007529497
-2.993293762
-2.963877439
-2.9709661
-2.955864191
-2.948041915
-2.937091588
-2.940361976
-2.912808418
-2.925231933
-2.894301652
-2.89409995
-2.888868331
-2.868140935
-2.867282867
-2.861310005
-2.854580402
-2.835005044
-2.837845325
-2.818449497
-2.816186666
-2.81114149
-2.802624464
-2.801970481
-2.787951707
-2.775239944
-2.773319959
-2.753725767
-2.769213914
-2.75311923
-2.732795476
-2.747586011
-2.73342204
-2.738945007
-2.723275899
-2.713169097
-2.707926988
-2.702346324
-2.697443962
-2.694044351
-2.683432102
-2.686712265
-2.687518835
-2.672225713
-2.661442995
-2.663547277
-2.659067153
-2.656694889
-2.644260406
-2.639230489
-2.617141008
-2.635925054
-2.634876251
-2.623304843
-2.614413499
-2.616098165
-2.605084896
-2.604698181
-2.57297635
-2.594923257
-2.580757617
-2.578275442
-2.584419012
-2.553647279
-2.575307369
-2.575217723
-2.564231395
-2.563995122
-2.504829645
-2.548213481
-2.525880575
-2.554079532
-2.543842554
-2.494984865
-2.542192697
-2.510387659
-2.530483484
-2.528259277
-2.500405311
-2.522892236
-2.490035057
-2.518416643
-2.446115016
-2.499866724
-2.5035398
-2.488335132
-2.500403404
-2.497302532
-2.467532634
-2.461222648
-2.446034908
-2.493578195
-2.442062616
-2.485655784
-2.477330684
-2.439927577
-2.476336956
-2.462722301
-2.467176437
-2.447429418
-2.450314998
-2.396604061
-2.466391563
-2.434626579
-2.444657087
-2.424124956
-2.454220771
-2.430949926
-2.446554422
-2.403321504
-2.408125162
-2.449012279
-2.416914939
-2.418359994
-2.403432369
-2.289466142
-2.443168401
-2.384785413
-2.394055843
-2.394110441
-2.420614957
-2.423934698
-2.393559932
-2.378677606
-2.41567254
-2.394103527
-2.383975028
-2.414732694
-2.400128841
-2.390718221
-2.367047309
-2.361570596
-2.350655794
-2.416693449
-2.274880886
-2.346154212
-2.355188608
-2.339792251
-2.365639925
-2.394501924
-2.283631563
-2.402616024
-2.363519906
-2.325544357
-2.393343687
-2.279535293
-2.338538169
-2.347937583
-2.390396356
-2.284991264
-2.294362068
-2.374827623
-2.349476814
-2.348836421
-2.317296504
-2.289147615
-2.194891214
-2.386931419
-2.181177616
-2.227797508
-2.322179079
-2.313595771
-2.320929765
-2.348045825
-2.356534957
-2.208448171
-2.300411224
-2.365374088
-2.271464586
-2.327147722
-2.289378166
-2.276553153
-2.357260227
-2.1959908
-2.293531894
-2.281225681
-2.333340883
-2.280422925
-2.342678785
-2.242721557
-2.277399778
-2.352619886
-2.248676061
-2.33854866
-2.307633161
-2.272076606
-2.265805244
-2.262853384
-2.21948266
-2.155942916
-1.951524734
-2.363889932
-2.129316806
-2.152969837
-2.238123893
-2.290126323
-2.292359113
-2.313387393
-2.222067594
-2.324432611
-2.22206521
-2.327907085
-2.251043319
-2.29330039
-2.174157381
-2.329741716
-2.192999362
-2.230623483
-2.32524228
-2.290382623
-2.241623163
-2.233102798
-2.078173398
-2.342292785
-2.140457868
-2.21484375
-2.309835672
-2.184220314
-2.321725606
-2.254595994
-2.17722249
-2.318111419
-2.116450548
-2.233162641
-2.281673908
-2.220403432
-2.311516046
-2.227687597
-2.11890769
-2.320199251
-2.168662786
-2.307827949
-2.295648813
-2.231251955
-2.261440277
-2.209406852
-2.193764448
-2.18001604
-2.083337068
-2.04589796
-1.744433522
-2.343703508
-1.963746666
-2.081857919
-2.201289415
-2.175999641
-2.239651203
-2.20176053
-2.213313817
-2.244136095
-2.280979156
-2.30618596
-2.152218341
-2.14906454
-2.297071933
-2.241694927
-2.17953062
-2.296335458
-2.118108272
-2.207852602
-2.285126686
-2.214991092
-2.147989749
-2.304400444
-2.023010969
-2.14770174
-2.269423961
-2.166886091
-2.293019294
-2.102086544
-2.136721849
-2.291625976
-2.207206249
-2.208299636
-2.175200939
-1.95908904
-2.323505878
-1.830013155
-2.129714488
-2.174923419
-2.15514779
-2.25047636
-2.271103858
-2.185071468
-2.032845973
-2.28255701
-2.139585494
-2.259303092
-2.193948984
-2.096622228
-1.907826066
-2.297048091
-2.128069162
-2.142804622
-2.238433361
-2.263221502
-2.168082952
-2.18089652
-2.271519899
-2.047360897
-2.124772071
-2.233348608
-2.131129503
-2.250494956
-2.135167121
-2.187416791
-2.274589776
-2.017233848
-2.15562129
-2.262696266
-2.064139842
-2.270680665
-2.20741415
-2.213665008
-2.176825761
-2.143609523
-2.172275781
-2.150192975
-2.142493963
-2.057139873
-2.041506767
-1.963555932
-1.763561129
-1.588771343
-2.313668012
-1.660850286
-1.887508511
-1.984926819
-1.987949609
-2.095493793
-2.078366279
-2.155441045
-2.109278678
-2.168631553
-2.162191629
-2.202991485
-1.978911995
-2.233374595
-2.222498178
-2.087334632
-1.88118577
-2.257001638
-2.106348514
-2.229172945
-1.910397171
-2.17462325
-2.036602735
-1.823636174
-2.225260972
-2.110463857
-1.924077749
-2.195952177
-2.138309717
-1.976740598
-2.235085725
-1.898663997
-2.116327524
-2.159365177
-2.024364471
-2.216087102
-2.034354209
-2.1672194
-2.106113433
-2.06569457
-1.947385668
-1.59913063
-2.243831872
-1.937286496
-2.047667026
-2.051511526
-2.143080472
-2.218983888
-1.860066413
-2.130998849
-1.933565258
-2.184445381
-1.939598798
-1.995385169
-2.147907257
-2.174234867
-1.864666581
-2.018933057
-2.16942954
-2.162977457
-2.084625005
-2.031919956
-2.016188144
-2.018962144
-1.928577423
-1.712789416
-1.420031785
-2.214991331
-1.858042716
-1.873798966
-1.990674376
-2.026649713
-1.953719496
-2.065532207
-2.113987684
-1.9771142
-2.139058351
-2.006571769
-2.131264925
-1.775573372
-2.114909887
-1.92931652
-1.945814609
-2.142105817
-1.73463428
-1.966821551
-2.034853935
-1.856101632
-2.120173454
-1.88007605
-2.103835105
-2.029975652
-1.994757175
-1.806327342
-1.694493412
-2.132895708
-1.660854935
-1.786284565
-1.945381641
-1.943276166
-2.017125368
-2.079395294
-1.918965935
-1.839197993
-2.032725572
-1.843255639
-1.874172449
-2.043984413
-1.970242261
-1.813918948
-1.72428894
-2.048500776
-1.735342025
-1.887029051
-1.87773025
-1.986323833
-1.569299101
-2.038403272
-1.915533781
-1.897908806
-1.744794845
-1.991018414
-1.64896965
-1.785414457
-1.89593923
-1.962460398
-1.864830851
-1.791283369
-1.949258327
-1.764379262
-1.746623039
-1.921229124
-1.761926412
-1.908389806
-1.669502496
-1.864587903
-1.800911784
-1.8767035
-1.735377669
-1.766953468
-1.867161154
-1.633459568
-1.777175545
-1.847141265
-1.668275356
-1.851778984
-1.625425457
-1.819085359
-1.807907462
-1.798489212
-1.792179107
-1.739303708
-1.690188407
-1.648043513
-1.748812437
-1.701684951
-1.695977807
-1.694638609
-1.584156751
-1.568701505
-1.555759072
-1.486298441
-1.500741958
-1.429150223
-1.320660591
-1.205025911
-0.870005488
-1.699024915
-1.195728898
-1.302794814
-1.378114342
-1.463529825
-1.432722568
-1.48449099
-1.468205809
-1.47398138
-1.544639825
-1.546728849
-1.508972287
-1.539495468
-1.426689743
-1.442386746
-1.471877813
-1.519204378
-1.490016102
-1.468836903
-1.309832215
-1.464216828
-1.435471296
-1.324812412
-1.387905001
-1.390762448
-1.382203459
-1.353793978
-1.345971941
-1.357869982
-1.313342452
-1.376753568
-1.35743308
-1.289368987
-1.294912219
-1.292355298
-1.319602727
-1.245027661
-1.298084497
-1.236820101
-1.220781326
-1.265323042
-1.211786508
-1.22778213
-1.18858695
-1.1867913
-1.135280489
-1.159814119
-1.253366231
-1.156620144
-1.210140228
-1.120253682
-1.134586095
-1.113426446
-1.176365733
-1.187664389
-1.035523772
-1.187136054
-1.077386856
-1.056393623
-1.136566877
-1.025740504
-1.120971083
-0.979911863
-1.088144421
-1.05599308
-0.946608304
-0.982956826
-0.992201328
-1.045449972
-0.979718089
-1.085711002
-0.849444568
-1.088472247
-0.926090717
-1.007117152
-0.903251409
-0.856618046
-0.968341469
-0.79112035
-0.92215985
-0.866693794
-0.890604376
-0.865497946
-0.748579442
-0.969409883
-0.841079652
-0.785818278
-0.940891325
-0.683380126
-0.82705295
-0.671821534
-0.883943974
-0.680433869
-0.763937294
-0.681732356
-0.854172527
-0.752165675
-0.775388658
-1.008624553
-0.732326507
-0.547078549
-0.857085168
-0.80233854
-0.83079493
-0.658727228
-0.698157131
-0.605047941
-0.604634284
-0.4844172
-0.665809869
-0.776961088
-0.464465677
-0.594305217
-0.667687535
-0.677460372
-0.428260803
-0.822766005
-0.551225244
-0.651355922
-0.42429924
-0.479624241
-0.482805132
-0.580069601
-0.668712913
-0.945818543
-0.356857508
-0.593644201
-0.50236535
-0.438313305
-0.365989476
-0.514787852
-0.28365004
-0.5671705
-0.403383314
-0.467101365
-0.622560441
-0.234436318
-0.575017929
-0.420110106
-0.510912716
-0.281023263
-0.413011252
-0.227404877
-0.625766634
-0.417797625
-0.337450534
-0.543322801
-0.189970642
-0.337878584
-0.509233474
-0.172662466
-0.41664341
-0.168237924
-0.188250526
-0.45420888
-0.200038075
-0.241723075
-0.201912745
-0.415677398
-0.308304905
-0.294876158
-0.320886611
-0.396145075
-0.457565307
-0.608215093
-0.55333662
0.017214594
-0.665066599
-0.55448985
-0.41184619
-0.528238952
-0.147679686
-0.303686469
-0.189932256
-0.199252501
-0.135175064
-0.148072868
-0.125213757
-0.018542513
-0.316542506
0.004491706
0.058074604
-0.198799476
-0.28631246
0.110593356
-0.046077381
-0.191773727
0.075455613
-0.211810842
0.037148319
-0.050304088
-0.30734539
0.153157636
-0.128434345
-0.073643729
0.165724143
0.00501109
-0.109299339
-0.073373876
-0.25692442
0.236621528
-0.02401152
0.025561975
0.153550907
-0.004676835
0.264831334
-0.207832157
-0.01191671
0.241402313
0.163327485
0.026163948
0.022292578
-0.122397571
-0.148811057
0.382009208
-0.172286301
-0.010801806
0.131337672
0.177359923
-0.015895538
0.321657449
-0.007892043
0.406041353
0.105438157
0.284243971
0.19731608
-0.089676924
0.484631001
0.08131209
0.249212399
0.406995356
0.188482105
0.096990793
0.502325415
0.18407242
0.29673621
0.561503291
0.024847634
0.246226236
0.521648287
0.484115272
0.400642186
0.416528642
0.310238659
0.313120871
0.249433442
0.261903584
0.106359928
-0.114174909
-0.343441009
0.74315375
-0.020600508
0.18297781
0.250275731
0.299120843
0.416895031
0.542874813
0.597480475
0.628716945
0.24246627
0.719773471
0.791537761
0.2569485
0.548143386
0.826179444
0.475805908
0.694550752
0.466609269
0.257587641
0.899253129
0.450927287
0.649304389
0.912645101
0.479507118
0.716094732
0.660170018
0.461019039
1.029587864
0.231704667
0.511479735
0.653824627
0.809110105
0.993165314
0.742698967
0.565135359
1.037336349
0.574699819
0.866775572
0.572915434
1.104810237
0.719627678
1.088324785
0.663411617
0.988875389
0.946972072
0.795213997
0.730950653
0.590583205
0.487372487
-0.003099978
1.295521974
0.447563022
0.62776792
0.831794202
0.967253267
0.94859755
1.061299324
1.227518677
0.831997632
1.286098837
1.054040789
0.865068316
1.290583014
0.997640609
1.267985701
1.05696094
0.918560206
0.623383522
1.435869455
0.794565558
1.132247447
1.267636299
0.962514698
1.446326613
0.888186097
1.106638193
1.426180362
1.328638195
1.292699933
1.123097658
1.11428523
0.836819767
0.516443431
1.612638235
0.641043603
1.036457896
1.224338531
1.343196272
1.378019332
0.949540257
1.534321546
1.002052545
1.602645277
1.419009685
1.225710511
0.968598067
1.651706099
1.283382058
1.449850916
1.176284313
1.658282518
1.592128276
1.495534896
1.351587414
1.298892617
1.165738105
0.699505209
1.826784491
1.085290312
1.299555778
1.45279622
1.501145124
1.696689009
1.789968967
1.513422846
1.420836806
1.835588335
1.383700966
1.57474327
1.809060811
1.674131989
1.550303101
1.493064403
1.451407194
0.834299325
1.970365405
1.349407553
1.512472152
1.831911563
1.341107964
1.914037108
1.434934973
1.97802031
1.660842776
1.920023798
1.777202963
1.714041829
1.5017699
2.09547162
1.155458211
1.634238362
1.835666179
1.95535767
1.711681365
2.092277765
1.694780468
1.992278218
1.86147356
1.607351541
1.293376207
2.179569721
1.775415539
1.843834996
2.036794662
2.17602086
1.792208075
2.073645591
1.830993056
1.318133354
2.289929151
1.85866487
2.065881967
1.81528294
2.230163574
2.114835739
1.843629479
2.326951742
1.745516657
2.127292871
1.778986334
2.30638051
2.122648239
1.739487528
2.393883228
2.007070302
2.34212017
2.11192131
1.98662877
2.43812704
1.994365453
2.11671257
2.378998756
2.029901266
2.519805192
2.201828956
2.347753286
2.222722291
2.540855407
2.203042984
2.373476982
2.241666793
2.610682249
2.418175935
2.245007753
2.642224788
2.40621376
2.287972927
2.656170845
2.415717601
2.263739585
2.659853458
2.442944765
2.701055765
2.478247404
2.739662408
2.463256835
2.734859943
2.499197483
2.753099679
2.488977909
2.758375644
2.778743743
2.775331974
2.469448566
2.77332592
2.778744459
2.7785573
2.769505023
2.78951478
2.773534297
2.792606353
2.77268505
2.830358505
2.771621227
2.780395507
2.840395927
2.822318077
2.835418701
2.85516715
2.838012456
2.878692388
2.86224699
2.86738491
2.889044761
2.887963056
2.907281637
2.877413034
2.918657064
2.909889221
2.922205448
2.941941261
2.9615314
2.972327709
2.960425615
2.980447769
2.992205142
3.01626873
3.037543058
3.070183753
3.095729351
