-3.141593,
		-3.140572,
		-3.139551,
		-3.138530,
		-3.127537,
		-3.123488,
		-3.119439,
		-3.115401,
		-3.111388,
		-3.106948,
		-3.102515,
		-3.098429,
		-3.094324,
		-3.090253,
		-3.086279,
		-3.081792,
		-3.077131,
		-3.072544,
		-3.067927,
		-3.063854,
		-3.060084,
		-3.052253,
		-3.047974,
		-3.042503,
		-3.037310,
		-3.031627,
		-3.026183,
		-3.021142,
		-3.014931,
		-3.010288,
		-3.003788,
		-2.999743,
		-2.992826,
		-2.986427,
		-2.982326,
		-2.978832,
		-2.969195,
		-2.964670,
		-2.959020,
		-2.952597,
		-2.947467,
		-2.939240,
		-2.934506,
		-2.929498,
		-2.923232,
		-2.914220,
		-2.907815,
		-2.904308,
		-2.898698,
		-2.887208,
		-2.883466,
		-2.878571,
		-2.869387,
		-2.863196,
		-2.857205,
		-2.848266,
		-2.841257,
		-2.833824,
		-2.825982,
		-2.820724,
		-2.815970,
		-2.803805,
		-2.799000,
		-2.788976,
		-2.781653,
		-2.774833,
		-2.767776,
		-2.761647,
		-2.749109,
		-2.741163,
		-2.734097,
		-2.726022,
		-2.719337,
		-2.706780,
		-2.698552,
		-2.686093,
		-2.677135,
		-2.672857,
		-2.658535,
		-2.643621,
		-2.637059,
		-2.628534,
		-2.615884,
		-2.603136,
		-2.592130,
		-2.581011,
		-2.568995,
		-2.553506,
		-2.541026,
		-2.524783,
		-2.506658,
		-2.493887,
		-2.476086,
		-2.455943,
		-2.440436,
		-2.418020,
		-2.398829,
		-2.385784,
		-2.360726,
		-2.340124,
		-2.311583,
		-2.291270,
		-2.260463,
		-2.239562,
		-2.209194,
		-2.174878,
		-2.144757,
		-2.112155,
		-2.076740,
		-2.040168,
		-1.997321,
		-1.951828,
		-1.892215,
		-1.862720,
		-1.799037,
		-1.750499,
		-1.689316,
		-1.627516,
		-1.563695,
		-1.488477,
		-1.441143,
		-1.376890,
		-1.336648,
		-1.267967,
		-1.226007,
		-1.178480,
		-1.138813,
		-1.112994,
		-1.044888,
		-1.044408,
		-1.022574,
		-0.999166,
		-0.975310,
		-0.960365,
		-0.924152,
		-0.922404,
		-0.891850,
		-0.874594,
		-0.856102,
		-0.840440,
		-0.823774,
		-0.806460,
		-0.803825,
		-0.767366,
		-0.764616,
		-0.761363,
		-0.748790,
		-0.733871,
		-0.703698,
		-0.699433,
		-0.698275,
		-0.697118,
		-0.672764,
		-0.667176,
		-0.655683,
		-0.642215,
		-0.623340,
		-0.620472,
		-0.617517,
		-0.614277,
		-0.600757,
		-0.592865,
		-0.590129,
		-0.567549,
		-0.561921,
		-0.554666,
		-0.551217,
		-0.535769,
		-0.532396,
		-0.525344,
		-0.521776,
		-0.509557,
		-0.507122,
		-0.491425,
		-0.489566,
		-0.487707,
		-0.474709,
		-0.460394,
		-0.459191,
		-0.457989,
		-0.447484,
		-0.443884,
		-0.427926,
		-0.425831,
		-0.410209,
		-0.408525,
		-0.406841,
		-0.405157,
		-0.402385,
		-0.378669,
		-0.376107,
		-0.373544,
		-0.371578,
		-0.369628,
		-0.358542,
		-0.347593,
		-0.345891,
		-0.344190,
		-0.342488,
		-0.329327,
		-0.316305,
		-0.313028,
		-0.310303,
		-0.308920,
		-0.307538,
		-0.306155,
		-0.292719,
		-0.289431,
		-0.286730,
		-0.275850,
		-0.266175,
		-0.264739,
		-0.263302,
		-0.247455,
		-0.246224,
		-0.244992,
		-0.243761,
		-0.242529,
		-0.222653,
		-0.220320,
		-0.217987,
		-0.214533,
		-0.209885,
		-0.207806,
		-0.205727,
		-0.203204,
		-0.183333,
		-0.179618,
		-0.178013,
		-0.176921,
		-0.175829,
		-0.164934,
		-0.152984,
		-0.151537,
		-0.150089,
		-0.134921,
		-0.133935,
		-0.132949,
		-0.131963,
		-0.130977,
		-0.119211,
		-0.116063,
		-0.114356,
		-0.112648,
		-0.090406,
		-0.089538,
		-0.088671,
		-0.087803,
		-0.086936,
		-0.086068,
		-0.071178,
		-0.069787,
		-0.068397,
		-0.067006,
		-0.064566,
		-0.051168,
		-0.047692,
		-0.045642,
		-0.043899,
		-0.042155,
		-0.025131,
		-0.012882,
		-0.009926,
		-0.008835,
		-0.008134,
		-0.007433,
		0.011371,
		0.016343,
		0.017786,
		0.019229,
		0.020671,
		0.023540,
		0.029773,
		0.031958,
		0.034143,
		0.036042,
		0.037880,
		0.049016,
		0.053822,
		0.055797,
		0.057772,
		0.059943,
		0.074678,
		0.091442,
		0.092929,
		0.094417,
		0.095905,
		0.097372,
		0.098560,
		0.099748,
		0.100936,
		0.122845,
		0.123948,
		0.125051,
		0.135791,
		0.137149,
		0.138507,
		0.153955,
		0.155071,
		0.156186,
		0.157302,
		0.158417,
		0.166365,
		0.167381,
		0.181264,
		0.186234,
		0.188543,
		0.190851,
		0.192894,
		0.194844,
		0.196794,
		0.199429,
		0.212915,
		0.216019,
		0.229432,
		0.230539,
		0.231647,
		0.232754,
		0.248529,
		0.249826,
		0.251124,
		0.266779,
		0.268722,
		0.270666,
		0.272609,
		0.275436,
		0.278519,
		0.282225,
		0.288306,
		0.293445,
		0.317038,
		0.318268,
		0.319497,
		0.320727,
		0.321957,
		0.323186,
		0.330725,
		0.332241,
		0.333756,
		0.342567,
		0.347895,
		0.361779,
		0.363046,
		0.364312,
		0.377169,
		0.380794,
		0.383433,
		0.411407,
		0.412247,
		0.413087,
		0.413927,
		0.414767,
		0.415607,
		0.416448,
		0.442673,
		0.443451,
		0.444228,
		0.445005,
		0.445782,
		0.456671,
		0.458725,
		0.468147,
		0.470140,
		0.472133,
		0.474725,
		0.624679,
		0.624899,
		0.625119,
		0.625339,
		0.625559,
		0.625780,
		0.626000,
		0.626220,
		0.626440,
		0.626660,
		0.626881,
		0.627101,
		0.627321,
		0.627541,
		0.627761,
		0.627982,
		0.628202,
		0.628422,
		0.628642,
		0.628862,
		0.629082,
		0.629303,
		0.629523,
		0.629743,
		0.629963,
		0.630183,
		0.630404,
		0.644659,
		0.646562,
		0.656593,
		0.663110,
		0.664817,
		0.666524,
		0.676464,
		0.678531,
		0.688626,
		0.691762,
		0.694864,
		0.719554,
		0.720623,
		0.721691,
		0.722759,
		0.731363,
		0.734985,
		0.739716,
		0.782002,
		0.782655,
		0.783307,
		0.783960,
		0.784612,
		0.785265,
		0.785917,
		0.786570,
		0.787222,
		0.807549,
		0.809248,
		0.810946,
		0.812645,
		0.826934,
		0.828959,
		0.846247,
		0.848741,
		0.851340,
		0.854201,
		0.857598,
		1.051460,
		1.051650,
		1.051839,
		1.052029,
		1.052219,
		1.052409,
		1.052599,
		1.052788,
		1.052978,
		1.053168,
		1.053358,
		1.053548,
		1.053737,
		1.053927,
		1.054117,
		1.054307,
		1.054497,
		1.054686,
		1.054876,
		1.055066,
		1.055256,
		1.055446,
		1.055636,
		1.055825,
		1.056015,
		1.056205,
		1.056395,
		1.056585,
		1.056774,
		1.056964,
		1.057154,
		1.057344,
		1.057534,
		1.058259,
		1.060030,
		1.061800,
		1.073141,
		1.076448,
		1.078924,
		1.081389,
		1.086342,
		1.094737,
		1.104684,
		1.109028,
		1.111327,
		1.113625,
		1.120715,
		1.123961,
		1.128106,
		1.135538,
		1.145286,
		1.147366,
		1.149222,
		1.159154,
		1.160394,
		1.161633,
		1.178175,
		1.179869,
		1.181562,
		1.183450,
		1.189845,
		1.202325,
		1.203422,
		1.204519,
		1.205616,
		1.206713,
		1.215089,
		1.227604,
		1.229973,
		1.232341,
		1.239978,
		1.244226,
		1.247742,
		1.250749,
		1.253449,
		1.255848,
		1.258246,
		1.260587,
		1.272680,
		1.274951,
		1.284653,
		1.286238,
		1.287823,
		1.289408,
		1.291178,
		1.293034,
		1.303833,
		1.309613,
		1.310842,
		1.321664,
		1.323297,
		1.340313,
		1.341044,
		1.341775,
		1.342506,
		1.343237,
		1.343967,
		1.344698,
		1.353522,
		1.355509,
		1.357495,
		1.366770,
		1.370005,
		1.374525,
		1.378253,
		1.379370,
		1.380487,
		1.393206,
		1.396646,
		1.397508,
		1.398370,
		1.409566,
		1.410819,
		1.412072,
		1.413325,
		1.414579,
		1.419213,
		1.422846,
		1.424265,
		1.425683,
		1.435565,
		1.436892,
		1.438219,
		1.439547,
		1.448984,
		1.452154,
		1.455801,
		1.459456,
		1.460529,
		1.461602,
		1.462674,
		1.478531,
		1.566105,
		1.566291,
		1.566477,
		1.566663,
		1.566849,
		1.567035,
		1.567221,
		1.567406,
		1.567592,
		1.567778,
		1.567964,
		1.568150,
		1.568336,
		1.568522,
		1.568708,
		1.568894,
		1.569080,
		1.569266,
		1.569452,
		1.569638,
		1.569824,
		1.570009,
		1.570195,
		1.570381,
		1.570567,
		1.570753,
		1.570939,
		1.571125,
		1.571311,
		1.571497,
		1.579188,
		1.580028,
		1.580869,
		1.581709,
		1.582550,
		1.583390,
		1.584230,
		1.585349,
		1.587737,
		1.590126,
		1.596637,
		1.604710,
		1.605812,
		1.606914,
		1.608016,
		1.616412,
		1.617432,
		1.618452,
		1.619472,
		1.620492,
		1.621511,
		1.630233,
		1.635280,
		1.636354,
		1.637429,
		1.638503,
		1.639577,
		1.648134,
		1.649496,
		1.650858,
		1.652220,
		1.653583,
		1.661959,
		1.664553,
		1.667226,
		1.670146,
		1.672985,
		1.685350,
		1.686032,
		1.686714,
		1.687395,
		1.688077,
		1.688759,
		1.689441,
		1.690122,
		1.700625,
		1.704731,
		1.705988,
		1.707245,
		1.708501,
		1.709758,
		1.711751,
		1.714670,
		1.717526,
		1.729397,
		1.730663,
		1.731929,
		1.733195,
		1.748218,
		1.749348,
		1.750479,
		1.751609,
		1.752739,
		1.753869,
		1.755156,
		1.756579,
		1.758002,
		1.759426,
		1.761060,
		1.880061,
		1.880206,
		1.880351,
		1.880495,
		1.880640,
		1.880785,
		1.880929,
		1.881074,
		1.881219,
		1.881364,
		1.881508,
		1.881653,
		1.881798,
		1.881943,
		1.882087,
		1.882232,
		1.882377,
		1.882522,
		1.882666,
		1.882811,
		1.882956,
		1.883101,
		1.883245,
		1.883390,
		1.883535,
		1.883680,
		1.883824,
		1.883969,
		1.884114,
		1.884259,
		1.884403,
		1.884548,
		1.884693,
		1.884837,
		1.884982,
		1.885127,
		1.885272,
		1.885416,
		1.893860,
		1.896918,
		1.899311,
		1.900691,
		1.902071,
		1.903451,
		1.904831,
		1.908750,
		1.911944,
		1.924091,
		1.925698,
		1.927304,
		1.928911,
		1.930919,
		1.934272,
		1.942810,
		1.943931,
		1.945053,
		1.946174,
		1.958061,
		1.961820,
		1.962863,
		1.963906,
		1.964949,
		1.965992,
		1.978648,
		1.993244,
		1.994026,
		1.994807,
		1.995588,
		1.996369,
		1.997150,
		1.997931,
		1.998712,
		2.006994,
		2.009648,
		2.013968,
		2.025858,
		2.029897,
		2.043297,
		2.044200,
		2.045104,
		2.046007,
		2.087121,
		2.087486,
		2.087852,
		2.088218,
		2.088583,
		2.088949,
		2.089314,
		2.089680,
		2.090045,
		2.090411,
		2.100699,
		2.101833,
		2.102966,
		2.104100,
		2.105234,
		2.106763,
		2.108861,
		2.110958,
		2.127641,
		2.132029,
		2.134017,
		2.136005,
		2.144556,
		2.156122,
		2.157899,
		2.159676,
		2.161454,
		2.168912,
		2.170166,
		2.171419,
		2.172673,
		2.183185,
		2.185940,
		2.189157,
		2.192979,
		2.201477,
		2.204721,
		2.238227,
		2.238856,
		2.239485,
		2.240114,
		2.240743,
		2.241372,
		2.242002,
		2.242631,
		2.256664,
		2.257985,
		2.259306,
		2.260627,
		2.261948,
		2.270634,
		2.273363,
		2.277020,
		2.282648,
		2.286453,
		2.292906,
		2.298328,
		2.302582,
		2.306325,
		2.319929,
		2.321003,
		2.351133,
		2.351844,
		2.352554,
		2.353265,
		2.353975,
		2.354685,
		2.355396,
		2.356106,
		2.356817,
		2.369589,
		2.371921,
		2.374253,
		2.382991,
		2.385325,
		2.387659,
		2.391287,
		2.395537,
		2.407528,
		2.410069,
		2.412609,
		2.416494,
		2.421423,
		2.444937,
		2.445874,
		2.446810,
		2.447747,
		2.448683,
		2.449620,
		2.450556,
		2.459063,
		2.461694,
		2.471356,
		2.474213,
		2.477927,
		2.483296,
		2.486998,
		2.491966,
		2.508242,
		2.509399,
		2.510557,
		2.511715,
		2.512873,
		2.514583,
		2.520544,
		2.532847,
		2.534897,
		2.536947,
		2.538997,
		2.546418,
		2.564226,
		2.565175,
		2.566124,
		2.567073,
		2.568022,
		2.568970,
		2.569919,
		2.580073,
		2.590058,
		2.591648,
		2.593237,
		2.594827,
		2.603751,
		2.606342,
		2.608917,
		2.611460,
		2.622022,
		2.623680,
		2.633376,
		2.635467,
		2.637558,
		2.639729,
		2.652342,
		2.653512,
		2.654682,
		2.655852,
		2.657021,
		2.658191,
		2.665763,
		2.668563,
		2.672735,
		2.678650,
		2.681412,
		2.686368,
		2.691544,
		2.694308,
		2.697802,
		2.702311,
		2.705902,
		2.709408,
		2.712697,
		2.715793,
		2.718564,
		2.721578,
		2.726637,
		2.729006,
		2.730957,
		2.740083,
		2.742705,
		2.745326,
		2.748175,
		2.751128,
		2.754468,
		2.758111,
		2.762161,
		2.765960,
		2.769048,
		2.772401,
		2.776418,
		2.782486,
		2.785213,
		2.786952,
		2.788692,
		2.790506,
		2.792625,
		2.794743,
		2.803962,
		2.806796,
		2.809698,
		2.812802,
		2.816265,
		2.820927,
		2.823339,
		2.825454,
		2.827569,
		2.832967,
		2.836782,
		2.840168,
		2.842926,
		2.845659,
		2.848684,
		2.851858,
		2.855358,
		2.859008,
		2.862064,
		2.865099,
		2.870642,
		2.873608,
		2.875950,
		2.880290,
		2.886160,
		2.888682,
		2.891257,
		2.893972,
		2.896687,
		2.899423,
		2.902160,
		2.910779,
		2.913848,
		2.917193,
		2.920915,
		2.924146,
		2.927200,
		2.930340,
		2.933522,
		2.941064,
		2.944202,
		2.947426,
		2.951387,
		2.955664,
		2.959855,
		2.961853,
		2.963851,
		2.968048,
		2.975098,
		2.978106,
		2.981352,
		2.984624,
		2.990867,
		2.994077,
		2.997250,
		3.000844,
		3.004950,
		3.010176,
		3.013226,
		3.016317,
		3.019915,
		3.025071,
		3.030162,
		3.032860,
		3.036204,
		3.041438,
		3.045787,
		3.049746,
		3.053465,
		3.056957,
		3.061009,
		3.067479,
		3.070969,
		3.075709,
		3.081377,
		3.087206,
		3.093469,
		3.100936,
		3.109926,
		3.122512,
		3.135597,
		3.138595,
		3.141592654
